 Temperature   Velocity   Angle  Erosion_Yield_fit   Reacted_Fraction_fit   Energy_Accommodation
         200      0.030       0        2.69053e-25               0.128122               0.610211
         200      0.030      15        2.45837e-25               0.132274               0.607581
         200      0.030      30        2.26604e-25               0.123059               0.631743
         200      0.030      45        2.10717e-25               0.102846               0.653994
         200      0.030      60        1.97672e-25               0.076728               0.648120
         200      0.030      75        1.87069e-25               0.050750               0.588972
         200      0.060       0        3.91527e-25               0.188461               0.717261
         200      0.060      15        3.57743e-25               0.194132               0.703228
         200      0.060      30        3.29756e-25               0.181509               0.722001
         200      0.060      45        3.06637e-25               0.153375               0.697744
         200      0.060      60        2.87653e-25               0.116086               0.679299
         200      0.060      75        2.72223e-25               0.077907               0.579132
         200      0.070       0        5.20426e-25               0.213599               0.762869
         200      0.070      15        4.75519e-25               0.219823               0.741237
         200      0.070      30        4.38318e-25               0.205956               0.736448
         200      0.070      45        4.07588e-25               0.174842               0.725058
         200      0.070      60        3.82354e-25               0.133154               0.713696
         200      0.070      75        3.61845e-25               0.089933               0.664696
         200      0.075       0        6.18229e-25               0.227190               0.785009
         200      0.075      15        5.64883e-25               0.233691               0.764961
         200      0.075      30         5.2069e-25               0.219195               0.766655
         200      0.075      45        4.84186e-25               0.186551               0.746086
         200      0.075      60         4.5421e-25               0.142554               0.730077
         200      0.075      75        4.29845e-25               0.096622               0.576892
         200      0.080       0        7.49204e-25               0.241474               0.794546
         200      0.080      15        6.84557e-25               0.248253               0.782364
         200      0.080      30        6.31002e-25               0.233129               0.775798
         200      0.080      45        5.86764e-25               0.198938               0.769633
         200      0.080      60        5.50437e-25               0.152567               0.717048
         200      0.080      75        5.20911e-25               0.103799               0.625540
         200      0.100       0         1.9725e-24               0.305570               0.855202
         200      0.100      15         1.8023e-24               0.313405               0.852005
         200      0.100      30         1.6613e-24               0.295874               0.843860
         200      0.100      45        1.54483e-24               0.255547               0.825730
         200      0.100      60        1.44919e-24               0.199264               0.776257
         200      0.100      75        1.37145e-24               0.138000               0.704451
         300      0.030       0        1.23906e-24               0.196989               0.631865
         300      0.030      15        1.13214e-24               0.202853               0.624342
         300      0.030      30        1.04357e-24               0.189796               0.637289
         300      0.030      45        9.70407e-25               0.160630               0.643977
         300      0.030      60        9.10328e-25               0.121830               0.633686
         300      0.030      75        8.61498e-25               0.081938               0.568377
         300      0.060       0        1.80308e-24               0.279368               0.740686
         300      0.060      15         1.6475e-24               0.286809               0.752073
         300      0.060      30        1.51861e-24               0.270180               0.737236
         300      0.060      45        1.41214e-24               0.232200               0.715756
         300      0.060      60        1.32471e-24               0.179817               0.661892
         300      0.060      75        1.25366e-24               0.123609               0.626674
         300      0.070       0        2.39669e-24               0.311971               0.791518
         300      0.070      15        2.18988e-24               0.319895               0.796489
         300      0.070      30        2.01856e-24               0.302160               0.791735
         300      0.070      45        1.87705e-24               0.261295               0.747229
         300      0.070      60        1.76084e-24               0.204093               0.699944
         300      0.070      75        1.66638e-24               0.141607               0.592619
         300      0.075       0         2.8471e-24               0.329200               0.830079
         300      0.075      15        2.60143e-24               0.337347               0.811855
         300      0.075      30        2.39791e-24               0.319099               0.772339
         300      0.075      45         2.2298e-24               0.276851               0.760205
         300      0.075      60        2.09175e-24               0.217245               0.690687
         300      0.075      75        1.97955e-24               0.151499               0.527247
         300      0.080       0        3.45027e-24               0.347018               0.832731
         300      0.080      15        3.15256e-24               0.355372               0.818422
         300      0.080      30        2.90592e-24               0.336644               0.774910
         300      0.080      45        2.70219e-24               0.293074               0.775280
         300      0.080      60         2.5349e-24               0.231091               0.707185
         300      0.080      75        2.39893e-24               0.162022               0.554118
         300      0.100       0        9.08385e-24               0.423488               0.882188
         300      0.100      15        8.30002e-24               0.432464               0.887591
         300      0.100      30        7.65068e-24               0.412272               0.869898
         300      0.100      45        7.11431e-24               0.364288               0.855038
         300      0.100      60        6.67386e-24               0.293498               0.799673
         300      0.100      75        6.31587e-24               0.210892               0.608543
         400      0.030       0        1.53571e-23               0.317726               0.555519
         400      0.030      15         1.4032e-23               0.325727               0.488571
         400      0.030      30        1.29342e-23               0.307815               0.588337
         400      0.030      45        1.20274e-23               0.266477               0.630440
         400      0.030      60        1.12828e-23               0.208461               0.632084
         400      0.030      75        1.06776e-23               0.144881               0.482653
         400      0.060       0        2.23478e-23               0.423940               0.782987
         400      0.060      15        2.04194e-23               0.432918               0.768042
         400      0.060      30         1.8822e-23               0.412720               0.793177
         400      0.060      45        1.75024e-23               0.364717               0.722040
         400      0.060      60        1.64188e-23               0.293881               0.687017
         400      0.060      75        1.55381e-23               0.211200               0.630807
         400      0.070       0        2.97051e-23               0.462585               0.807543
         400      0.070      15        2.71419e-23               0.471711               0.820072
         400      0.070      30        2.50185e-23               0.451143               0.825061
         400      0.070      45        2.32645e-23               0.401728               0.789700
         400      0.070      60        2.18242e-23               0.327409               0.763120
         400      0.070      75        2.06536e-23               0.238481               0.632245
         400      0.075       0        3.52876e-23               0.482301               0.830781
         400      0.075      15        3.22427e-23               0.491460               0.812798
         400      0.075      30        2.97202e-23               0.470799               0.812897
         400      0.075      45        2.76366e-23               0.420882               0.790320
         400      0.075      60        2.59256e-23               0.345063               0.776742
         400      0.075      75        2.45349e-23               0.253144               0.727250
         400      0.080       0        4.27635e-23               0.502202               0.838980
         400      0.080      15        3.90735e-23               0.511366               0.841078
         400      0.080      30        3.60167e-23               0.490675               0.838758
         400      0.080      45        3.34916e-23               0.440404               0.804354
         400      0.080      60        3.14181e-23               0.363274               0.814385
         400      0.080      75        2.97328e-23               0.268493               0.640966
         400      0.100       0        1.12587e-22               0.582370               0.906235
         400      0.100      15        1.02872e-22               0.591259               0.902941
         400      0.100      30        9.48243e-23               0.571114               0.893060
         400      0.100      45        8.81764e-23               0.521033               0.883149
         400      0.100      60        8.27174e-23               0.440908               0.833967
         400      0.100      75        7.82804e-23               0.336579               0.699152
