 Temperature   Velocity   Angle  Erosion_Yield_fit   Reacted_Fraction_fit   Energy_Accommodation
         200      0.030       0        2.76545e-25               0.130041               0.610987
         200      0.030      15        2.50464e-25               0.134454               0.609649
         200      0.030      30        2.33349e-25               0.126509               0.631091
         200      0.030      45        2.23639e-25               0.108056               0.660757
         200      0.030      60        2.20481e-25               0.083339               0.660862
         200      0.030      75        2.23603e-25               0.057682               0.611949
         200      0.060       0        4.01235e-25               0.186823               0.718051
         200      0.060      15        3.63394e-25               0.192736               0.703672
         200      0.060      30        3.38562e-25               0.182071               0.726897
         200      0.060      45        3.24475e-25               0.156971               0.706030
         200      0.060      60        3.19893e-25               0.122603               0.699532
         200      0.060      75        3.24421e-25               0.085991               0.610866
         200      0.070       0        5.17401e-25               0.210398               0.763980
         200      0.070      15        4.68605e-25               0.216859               0.740647
         200      0.070      30        4.36584e-25               0.205198               0.740551
         200      0.070      45        4.18417e-25               0.177602               0.733283
         200      0.070      60        4.12509e-25               0.139464               0.725827
         200      0.070      75        4.18349e-25               0.098382               0.710644
         200      0.075       0        6.02068e-25               0.223140               0.786211
         200      0.075      15        5.45286e-25               0.229878               0.765936
         200      0.075      30        5.08025e-25               0.217712               0.768772
         200      0.075      45        4.86887e-25               0.188833               0.755968
         200      0.075      60        4.80011e-25               0.148719               0.754906
         200      0.075      75        4.86807e-25               0.105245               0.610522
         200      0.080       0        7.12086e-25               0.236536               0.794354
         200      0.080      15        6.44929e-25               0.243551               0.782300
         200      0.080      30        6.00859e-25               0.230878               0.777137
         200      0.080      45        5.75857e-25               0.200701               0.777278
         200      0.080      60        5.67725e-25               0.158559               0.742424
         200      0.080      75        5.75763e-25               0.112588               0.674687
         200      0.100       0        1.63972e-24               0.296763               0.853913
         200      0.100      15        1.48508e-24               0.304851               0.851014
         200      0.100      30         1.3836e-24               0.290213               0.844443
         200      0.100      45        1.32602e-24               0.254850               0.828641
         200      0.100      60         1.3073e-24               0.204243               0.784017
         200      0.100      75        1.32581e-24               0.147347               0.733126
         300      0.030       0        1.21668e-24               0.200536               0.637948
         300      0.030      15        1.10194e-24               0.206773               0.626041
         300      0.030      30        1.02664e-24               0.195520               0.643043
         300      0.030      45         9.8392e-25               0.168949               0.659100
         300      0.030      60        9.70027e-25               0.132370               0.654126
         300      0.030      75        9.83759e-25               0.093151               0.588322
         300      0.060       0        1.76527e-24               0.278254               0.743630
         300      0.060      15        1.59878e-24               0.286044               0.758484
         300      0.060      30        1.48953e-24               0.271955               0.746540
         300      0.060      45        1.42755e-24               0.238070               0.733627
         300      0.060      60         1.4074e-24               0.189946               0.697043
         300      0.060      75        1.42732e-24               0.136350               0.666362
         300      0.070       0        2.27635e-24               0.308984               0.796033
         300      0.070      15        2.06167e-24               0.317255               0.801875
         300      0.070      30        1.92079e-24               0.302280               0.800086
         300      0.070      45        1.84086e-24               0.265998               0.762801
         300      0.070      60        1.81487e-24               0.213812               0.728750
         300      0.070      75        1.84056e-24               0.154769               0.629798
         300      0.075       0        2.64885e-24               0.325237               0.832650
         300      0.075      15        2.39904e-24               0.333734               0.815204
         300      0.075      30         2.2351e-24               0.318343               0.776788
         300      0.075      45         2.1421e-24               0.280909               0.765222
         300      0.075      60        2.11185e-24               0.226702               0.730506
         300      0.075      75        2.14175e-24               0.164845               0.580977
         300      0.080       0        3.13288e-24               0.342063               0.833881
         300      0.080      15        2.83742e-24               0.350770               0.823458
         300      0.080      30        2.64353e-24               0.334989               0.785733
         300      0.080      45        2.53353e-24               0.296449               0.782114
         300      0.080      60        2.49776e-24               0.240245               0.732572
         300      0.080      75        2.53312e-24               0.175532               0.612726
         300      0.100       0        7.21408e-24               0.414569               0.882248
         300      0.100      15        6.53372e-24               0.423933               0.886853
         300      0.100      30        6.08725e-24               0.406923               0.870389
         300      0.100      45        5.83396e-24               0.364645               0.856801
         300      0.100      60        5.75158e-24               0.301044               0.810799
         300      0.100      75        5.83301e-24               0.224799               0.659622
         400      0.030       0        1.59521e-23               0.328588               0.556212
         400      0.030      15        1.44477e-23               0.337128               0.499206
         400      0.030      30        1.34604e-23               0.321657               0.589637
         400      0.030      45        1.29004e-23               0.283996               0.629178
         400      0.030      60        1.27182e-23               0.229383               0.630324
         400      0.030      75        1.28982e-23               0.166953               0.464898
         400      0.060       0        2.31447e-23               0.429285               0.788377
         400      0.060      15        2.09619e-23               0.438732               0.776534
         400      0.060      30        1.95295e-23               0.421564               0.796849
         400      0.060      45        1.87169e-23               0.378736               0.722662
         400      0.060      60        1.84526e-23               0.313891               0.684360
         400      0.060      75        1.87139e-23               0.235489               0.637595
         400      0.070       0        2.98457e-23               0.465926               0.809550
         400      0.070      15        2.70309e-23               0.475508               0.826333
         400      0.070      30        2.51838e-23               0.458075               0.831854
         400      0.070      45        2.41359e-23               0.414194               0.792839
         400      0.070      60        2.37951e-23               0.346666               0.778165
         400      0.070      75        2.41319e-23               0.263218               0.627418
         400      0.075       0        3.47295e-23               0.484645               0.833424
         400      0.075      15        3.14542e-23               0.494256               0.809937
         400      0.075      30        2.93048e-23               0.476760               0.814808
         400      0.075      45        2.80855e-23               0.432517               0.792735
         400      0.075      60        2.76889e-23               0.363858               0.783122
         400      0.075      75        2.80809e-23               0.278033               0.737938
         400      0.080       0        4.10758e-23               0.503563               0.839297
         400      0.080      15        3.72019e-23               0.513175               0.842303
         400      0.080      30        3.46598e-23               0.495666               0.840630
         400      0.080      45        3.32176e-23               0.451182               0.814706
         400      0.080      60        3.27485e-23               0.381551               0.821590
         400      0.080      75        3.32122e-23               0.293478               0.667496
         400      0.100       0        9.45851e-23               0.580118               0.908374
         400      0.100      15        8.56648e-23               0.589457               0.903900
         400      0.100      30         7.9811e-23               0.572405               0.895987
         400      0.100      45        7.64901e-23               0.528247               0.886297
         400      0.100      60          7.541e-23               0.456619               0.834587
         400      0.100      75        7.64776e-23               0.361342               0.729128
