 Temperature   Velocity   Angle  Erosion_Yield_fit   Reacted_Fraction_fit   Energy_Accommodation
         200      0.030       0        2.60655e-25               0.124551               0.609046
         200      0.030      15        2.38282e-25               0.128704               0.604479
         200      0.030      30        2.14834e-25               0.117695               0.632721
         200      0.030      45        1.91029e-25               0.094838               0.643850
         200      0.030      60        1.67525e-25               0.066796               0.629007
         200      0.030      75        1.44892e-25               0.040795               0.554507
         200      0.060       0        3.82317e-25               0.190416               0.716075
         200      0.060      15        3.49502e-25               0.196273               0.702560
         200      0.060      30        3.15109e-25               0.180683               0.714658
         200      0.060      45        2.80193e-25               0.147641               0.685314
         200      0.060      60        2.45718e-25               0.105811               0.648950
         200      0.060      75        2.12521e-25               0.065692               0.531531
         200      0.070       0        5.26696e-25               0.217997               0.761203
         200      0.070      15        4.81489e-25               0.224467               0.742122
         200      0.070      30        4.34108e-25               0.207215               0.730293
         200      0.070      45        3.86006e-25               0.170329               0.712721
         200      0.070      60        3.38512e-25               0.122999               0.695499
         200      0.070      75        2.92778e-25               0.076924               0.595774
         200      0.075       0        6.40942e-25               0.232907               0.783205
         200      0.075      15         5.8593e-25               0.239684               0.763499
         200      0.075      30        5.28271e-25               0.221597               0.763480
         200      0.075      45        4.69735e-25               0.182741               0.731264
         200      0.075      60        4.11939e-25               0.132513               0.692833
         200      0.075      75        3.56285e-25               0.083212               0.526446
         200      0.080       0        7.98985e-25               0.248567               0.794835
         200      0.080      15        7.30407e-25               0.255648               0.782461
         200      0.080      30        6.58531e-25               0.236731               0.773788
         200      0.080      45        5.85561e-25               0.195890               0.758165
         200      0.080      60        5.13514e-25               0.142679               0.678985
         200      0.080      75        4.44137e-25               0.089988               0.551821
         200      0.100       0        2.45483e-24               0.318536               0.857137
         200      0.100      15        2.24413e-24               0.326743               0.853491
         200      0.100      30         2.0233e-24               0.304719               0.842985
         200      0.100      45         1.7991e-24               0.256083               0.821362
         200      0.100      60        1.57774e-24               0.190393               0.764615
         200      0.100      75        1.36458e-24               0.122602               0.661438
         300      0.030       0        1.23262e-24               0.190860               0.622742
         300      0.030      15        1.12682e-24               0.196727               0.621792
         300      0.030      30        1.01594e-24               0.181109               0.628659
         300      0.030      45        9.03363e-25               0.148003               0.621292
         300      0.030      60        7.92214e-25               0.106084               0.603025
         300      0.030      75        6.85184e-25               0.065869               0.538460
         300      0.060       0        1.80795e-24               0.280553               0.736270
         300      0.060      15        1.65277e-24               0.288196               0.742458
         300      0.060      30        1.49013e-24               0.267737               0.723281
         300      0.060      45        1.32501e-24               0.223110               0.688950
         300      0.060      60        1.16198e-24               0.164013               0.609166
         300      0.060      75          1.005e-24               0.104403               0.567142
         300      0.070       0        2.49071e-24               0.316092               0.784745
         300      0.070      15        2.27693e-24               0.324267               0.788411
         300      0.070      30        2.05287e-24               0.302335               0.779210
         300      0.070      45        1.82539e-24               0.253941               0.723870
         300      0.070      60         1.6008e-24               0.188661               0.656736
         300      0.070      75        1.38453e-24               0.121394               0.536850
         300      0.075       0        3.03097e-24               0.334839               0.826221
         300      0.075      15        2.77082e-24               0.343255               0.806831
         300      0.075      30        2.49816e-24               0.320648               0.765667
         300      0.075      45        2.22134e-24               0.270459               0.752680
         300      0.075      60        1.94803e-24               0.202082               0.630958
         300      0.075      75        1.68485e-24               0.130801               0.446652
         300      0.080       0        3.77835e-24               0.354189               0.831006
         300      0.080      15        3.45405e-24               0.362826               0.810869
         300      0.080      30        3.11415e-24               0.339597               0.758676
         300      0.080      45        2.76908e-24               0.287697               0.765028
         300      0.080      60        2.42837e-24               0.216255               0.669104
         300      0.080      75         2.1003e-24               0.140857               0.466206
         300      0.100       0        1.16087e-23               0.436613               0.882099
         300      0.100      15        1.06123e-23               0.445873               0.888698
         300      0.100      30        9.56803e-24               0.420838               0.869161
         300      0.100      45        8.50782e-24               0.363354               0.852393
         300      0.100      60        7.46103e-24               0.280523               0.782983
         300      0.100      75        6.45303e-24               0.188096               0.531925
         400      0.030       0        1.44508e-23               0.300767               0.554479
         400      0.030      15        1.32105e-23               0.308725               0.472619
         400      0.030      30        1.19105e-23               0.287397               0.586386
         400      0.030      45        1.05907e-23               0.240569               0.632332
         400      0.030      60        9.28765e-24               0.177907               0.634725
         400      0.030      75        8.03287e-24               0.113936               0.509287
         400      0.060       0        2.11958e-23               0.415583               0.774901
         400      0.060      15        1.93766e-23               0.424733               0.755303
         400      0.060      30        1.74698e-23               0.400029               0.787669
         400      0.060      45         1.5534e-23               0.343700               0.721106
         400      0.060      60        1.36227e-23               0.263495               0.691002
         400      0.060      75        1.17823e-23               0.175311               0.620625
         400      0.070       0        2.92002e-23               0.457354               0.804533
         400      0.070      15         2.6694e-23               0.466689               0.810679
         400      0.070      30        2.40671e-23               0.441417               0.814873
         400      0.070      45        2.14003e-23               0.382980               0.784990
         400      0.070      60        1.87672e-23               0.297768               0.740552
         400      0.070      75        1.62317e-23               0.201248               0.639485
         400      0.075       0        3.55341e-23               0.478615               0.826817
         400      0.075      15        3.24842e-23               0.487994               0.817088
         400      0.075      30        2.92876e-23               0.462568               0.810032
         400      0.075      45        2.60423e-23               0.403354               0.786696
         400      0.075      60        2.28381e-23               0.315930               0.767173
         400      0.075      75        1.97526e-23               0.215328               0.711218
         400      0.080       0        4.42961e-23               0.500028               0.838505
         400      0.080      15        4.04941e-23               0.509416               0.839239
         400      0.080      30        3.65093e-23               0.483929               0.835949
         400      0.080      45        3.24637e-23               0.424139               0.788826
         400      0.080      60        2.84694e-23               0.334737               0.803578
         400      0.080      75        2.46232e-23               0.230161               0.601171
         400      0.100       0        1.36097e-22               0.585615               0.903026
         400      0.100      15        1.24416e-22               0.594699               0.901502
         400      0.100      30        1.12172e-22               0.569903               0.888670
         400      0.100      45        9.97428e-23               0.509987               0.878426
         400      0.100      60        8.74706e-23               0.415547               0.833036
         400      0.100      75        7.56531e-23               0.296996               0.654188
